1200777775650045145632560000453123612100000000000007869451000000000000045600456879655600465156465
3300364653650045562134500450045123156200456531223100456131004565465645004560056213328004987656463
5600654321350078123545004566007895312300545623651500221643004565616545100456004566220045621345623
5600546646550023546340045662100126513100123232132200451526001451316552100456200456500456456135211
1300564565460016456500468556320045651300123213212004566785004565555656004545550055007898532164565
2400000000000016456700000000000045675600000000000012563155000000000000456562323000045678989145622
2100465615630065456400789513210046521600484765468854784562004654523589566213212100454657986456564
1200456365560016132200456878560045613200154632131321245623004565523456123132652200123214654454646
2100456565660013456700789841160045651600456748465231646515004564651333221654251200789899999999945
1300548454560013456500789664560012321500415465113464565212007892651315643215645600123232111111123
4444444444564894765456000005555555555555555565000003333468746546511678974354654321567946546546456
4655466666666666665100113550013254685654456500465440012311632641634586464597987947448979874445556
4654666666666648790064516544500465498678940046111555500431654179785464113165641321646132461361332
4456546135265413265132265131465132165132641633325613222261654165555479846512348654169841358651365
7896546213165352316532131231465442132178987654153134621211464641749341411789416546346544315462133
1234657987947564465461550079865461354646546484600134657984635413464984164649874615332467813544561
7894564135465467988464655100797865416543513220079845313216798746321679861279843796517986279657964
7897915359861325986417498653100798654654645007984153212365746135211374613522224132276845132131321
4565489456651321564+13232113252000000000000655551321674132178749684765789464687985465145487941654
